2133,
2192,
2203,
2233,
2300,
2365,
2424,
2434,
2443,
2560,
2632,
2655,
2681,
2739,
2761,
2768,
2804,
2833,
2868,
2902,
2944,
2988,
2998,
3108,
3137,
3138,
3141,
3163,
3174,
3234,
3275,
3283,
3349,
3395,
3425,
3438,
3558,
3631,
3660,
3679,
3680,
3704,
3812,
3857,
3860,
3861,
3873,
3913,
3940,
3967,
4151,
4154,
4158,
4267,
4275,
4288,
4346,
4347,
4415,
4453,
4490,
4618,
4626,
4636,
4689,
4764,
4875,
4890,
4913,
5001,
5030,
5075,
5130,
5272,
5291,
5317,
5327,
5346,
5351,
5378,
5525,
5544,
5609,
5728,
5742,
5748,
5790,
5799,
5875,
6023,
6058,
6188,
6198,
6206,
6207,
6309,
6358,
6390,
6486,
6487,
6488,
6497,
6528,
6751,
6782,
6790,
6830,
6884,
6885,
6943,
6967,
6974,
7013,
7046,
7119,
7149,
7168,
7266,
7315,
7346,
7352,
7538,
7550,
7559,
7594,
7627,
7631,
7665,
7702,
7725,
7774,
7776,
7800,
7971,
7978,
8027,
8073,
8252,
8255,
8284,
8331,
8359,
8365,
8389,
8419,
8426,
8444,
8506,
8543,
8801,
8822,
8832,
8915,
9008,
9076,
9192,
9220,
9271,
9359,
9624,
9810,
9836,
10024,
10050,
10091,
10093,
10199,
10253,
10311,
10312,
10333,
10372,
10409,
10473,
10499,
10518,
10540,
10559,
10620,
10637,
10792,
10807,
10827,
10914,
10955,
11008,
11049,